0.00286509  -0.00367898  0.00442354  0.491444  -0.077076  -0.32403  
0.00278705  -0.00360175  0.00415053  0.475418  -0.0322595  -0.293193  
0.00225604  -0.00351493  0.00385102  0.440582  -0.022621  -0.241601  
0.00233566  -0.00367406  0.00377515  0.431322  -0.0770304  -0.274281  
0.00255914  -0.00384706  0.00398247  0.423841  -0.0944405  -0.287332  
0.00255914  -0.00368431  0.00373247  0.425707  -0.0726564  -0.295016  
0.0028974  -0.0034299  0.00374551  0.414159  -0.0474568  -0.313633  
0.00255914  -0.0037416  0.0035738  0.400479  -0.0438377  -0.29619  
0.00231575  -0.00364253  0.00359035  0.395437  -0.0471641  -0.280022  
0.00159012  -0.0034299  0.00355047  0.373776  -0.0625005  -0.241655  
0.00196363  -0.0034299  0.00340794  0.381264  -0.0745433  -0.243426  
0.00248349  -0.00335516  0.00353022  0.374374  -0.0833104  -0.257424  
0.00189961  -0.00323764  0.00347841  0.366534  -0.0320626  -0.266381  
0.00231261  -0.00301759  0.00319314  0.358204  -0.025197  -0.26564  
0.00151785  -0.00309865  0.00343881  0.36061  -0.000771601  -0.274995  
0.00166738  -0.00305934  0.00336368  0.366571  -0.054605  -0.2941  
0.00199718  -0.00316216  0.00349441  0.389856  -0.0851589  -0.287337  
0.00196215  -0.00319151  0.00319313  0.372923  -0.023776  -0.271155  
0.00165324  -0.00315832  0.00319314  0.358805  -0.0236792  -0.264223  
0.00146152  -0.00310183  0.0030985  0.349033  -0.0502559  -0.262933  
0.00198827  -0.00294304  0.00319314  0.353331  -0.0504653  -0.269202  
0.00151785  -0.00295165  0.00313177  0.349064  -0.0120495  -0.269222  
0.00151785  -0.00288286  0.00319314  0.33121  -0.00393131  -0.269194  
0.00151785  -0.00282858  0.00293406  0.33124  0.00276151  -0.265497  
0.00151785  -0.00256414  0.00264306  0.321233  -0.0108864  -0.261001  
0.00102195  -0.00245114  0.00263004  0.281458  0.0349868  -0.208241  
-0.000884655  -0.00255707  0.00283009  0.288294  -0.00556636  -0.0163902  
-0.0012685  -0.00215916  0.00319314  0.298883  -0.0587523  -0.0118463  
-0.00102361  -0.00219237  0.00269341  0.288344  0.00781087  0.0281023  
-0.000941044  -0.00229663  0.00272415  0.286051  -0.0051502  0.0214519  
8.49897e-05  -0.00209986  0.00275104  0.27978  -0.0617085  0.00923029  
-0.000955486  -0.00207767  0.00259836  0.262798  -0.00357755  0.0112565  
-0.000810644  -0.0018526  0.00231998  0.255336  0.00939095  0.00787756  
-0.000831142  -0.00179681  0.00238045  0.242473  0.0092499  0.0149811  
-0.000955486  -0.00185474  0.00231998  0.238812  -0.0197925  0.028662  
-0.000490095  -0.00179681  0.00224644  0.246034  -0.0197722  0.0143479  
-0.000476869  -0.00179681  0.00231998  0.2272  0.0182191  0.0102786  
-0.000697288  -0.00171442  0.00204211  0.223858  0.0282845  0.0102967  
-0.000802947  -0.00160455  0.00200428  0.210223  -0.00197653  0.00590406  
-0.000955487  -0.00160455  0.00203706  0.211669  -0.0145451  0.00620385  
-0.000497661  -0.00165537  0.00190703  0.209784  -0.00129268  -0.00133458  
-0.00118714  -0.0014239  0.00179873  0.201492  0.0110985  0.0103689  
-0.00161535  -0.000830579  0.00157723  0.193736  0.047616  0.0105263  
-0.00202279  -0.00119405  0.00155284  0.200438  0.031066  0.0414205  
-0.00161321  -0.000904324  0.00190703  0.20628  0.00338621  0.0415567  
-0.000185038  -0.000972065  0.00190703  0.219529  -0.0271479  0.00573746  
-0.000613267  -0.000904323  0.00163753  0.199286  0.0302748  -0.0123118  
-0.000986453  -0.000904323  0.00147661  0.19373  0.0539661  -0.00308144  
-0.000943492  -0.000821862  0.00147661  0.188476  0.00374255  -0.0328636  
-0.000679068  -0.000785801  0.00142487  0.180509  0.0172167  -0.0295489  
-0.000438751  -0.00085107  0.00133791  0.176084  0.0296016  -0.029571  
-0.000483043  -0.000635072  0.0011757  0.159602  0.0726601  -0.0447631  
-0.00076979  -0.000708843  0.00115238  0.152136  0.0520786  -0.0454719  
-0.000679849  -0.000668933  0.00117117  0.159638  0.0328756  -0.0501223  
-0.000184582  -0.00061038  0.00125958  0.159631  0.0304864  -0.0597128  
-0.00037164  -0.000584742  0.00114229  0.149905  0.0305357  -0.0501132  
-0.000613267  -0.000596311  0.00131523  0.146914  0.0622076  -0.0500917  
-0.00102878  -0.000596312  0.00128577  0.135228  0.0876517  -0.0316527  
-0.000831314  -0.000596312  0.00110622  0.139764  0.0111201  -0.0500825  
-0.00040076  -0.000267604  0.00120994  0.151635  0.0160247  -0.0499786  
-0.000170006  -0.000406247  0.00125088  0.140969  0.0815487  -0.0499903  
-0.000570339  -0.000268106  0.00117424  0.13576  0.0730387  -0.0315744  
-0.000784005  -0.000268106  0.00117804  0.139889  0.0513678  -0.0444743  
-0.000789468  -0.000595199  0.00125041  0.148206  0.0513457  -0.0500805  
-0.000226506  -0.000338207  0.00131434  0.152801  0.0268229  -0.0499802  
-0.00102878  -0.000800425  0.00137317  0.163825  0.0995052  -0.0610218  
-0.00081003  -0.00121569  0.00136601  0.154162  0.0628201  -0.0586976  
-0.000491032  -0.000800426  0.00147661  0.16383  0.0216306  -0.0501097  
-0.000361383  -0.000822001  0.00152794  0.163829  0.0672384  -0.0501313  
-0.000149151  -0.000794288  0.00147661  0.140721  0.0988206  -0.0621948  
-0.00069843  -0.00094352  0.00129499  0.140701  0.0732311  -0.0162336  
-0.00175381  -0.00166687  0.00130727  0.179949  0.119302  0.150799  
-0.00241544  -0.00130414  0.00115082  0.150442  0.0411211  0.165089  
-0.00122193  -0.0017042  0.00123036  0.172764  0.0987716  0.229564  
-0.00117707  -0.0011159  0.00126482  0.150465  0.0151564  0.140947  
-0.00115831  -0.000740486  0.0010243  0.124072  -0.00637877  0.144711  
-0.0010983  -0.000560285  0.000921974  0.123415  0.0447132  0.155605  
-0.000841466  -0.000559672  0.000720037  0.111537  0.0907902  0.154719  
-0.00116677  -0.000450917  0.00074  0.105987  0.0845002  0.145817  
-0.000662833  -0.00036663  0.000740512  0.104183  0.0946405  0.124043  
-0.000770374  -0.000405296  0.000660912  0.089365  0.0641415  0.104229  
-0.00113031  -0.000405296  0.000758277  0.0893741  0.0622275  0.104238  
-0.000186376  -0.000336578  0.000675483  0.0861999  0.0769644  0.0944007  
-0.000333074  -0.000162878  0.000667956  0.0893059  0.107218  0.0940528  
-0.000317807  -0.000412878  0.000471436  0.0706156  0.100353  0.0911183  
-0.00165707  -0.000269999  0.000793767  0.0816736  0.0865807  0.143361  
-0.00157829  -0.000548966  0.00116016  0.0874376  0.0158666  0.050216  
-0.000896583  -0.000437156  0.000819802  0.0666577  0.08901  -0.00695958  
-0.000634933  -0.000271195  0.000329112  0.0320471  0.123419  0.000810757  
-0.00136553  -0.000437156  7.62359e-05  0.0101569  0.168218  0.0291434  
2.95122e-06  -4.66116e-05  7.62359e-05  0.00153754  0.000126227  0.00390244  
-0.00018912  -0.000153498  -8.02935e-05  -0.0131192  0.108923  0.00399469  
-0.000741732  -0.000210058  -0.000360694  -0.0131275  0.10889  0.00402594  
3.04736e-05  -0.000286011  -4.30767e-05  -0.0130923  0.0331505  -0.0100748  
0.000512258  -0.000192683  -5.23026e-05  -0.0161143  0.109252  -0.0161708  
9.72515e-05  0.000243852  -0.000344587  -0.032256  0.123792  0.0035611  
-0.000180506  1.02747e-05  -0.000511661  -0.0476312  0.111928  -0.0161509  
0.000278249  -9.14779e-05  -0.000231864  -0.0322168  0.0757701  -0.0198957  
0.000312039  0.000200866  -0.000264124  -0.041591  0.124478  -0.0215446  
4.11379e-05  0.000405765  -0.000423158  -0.0589399  0.149681  -0.0162087  
-0.000111858  0.000114679  -0.000602953  -0.0589584  0.118994  -0.0161676  
0.000367241  0.000260944  -0.000511661  -0.0589049  0.0836119  -0.0351939  
0.000509662  0.000342645  -0.000511661  -0.0516046  0.124556  -0.0435722  
1.51768e-05  9.37841e-05  -0.000511661  -0.0589468  0.167594  0.0171393  
-0.000111858  7.77475e-05  -0.000511661  -0.0589355  0.0768572  0.0171573  
0.000148462  0.00048488  -0.000511661  -0.0589759  0.097634  0.0368685  
0.000149545  0.000386666  -0.000447462  -0.0589695  0.123799  0.017085  
-3.07968e-05  0.000286689  -0.000658842  -0.0775554  0.156192  0.0357716  
-0.000306478  -9.74754e-06  -0.000511661  -0.0751578  0.148492  0.0440772  
-2.78951e-05  0.000422534  -0.000511661  -0.0751674  0.109929  0.0187202  
-0.000111858  0.000447422  -0.000511661  -0.0751683  0.125204  0.0158083  
-0.000499997  0.000600499  -0.000511661  -0.0921402  0.155858  0.0503627  
-0.000111858  0.000184325  -0.000511662  -0.0767077  0.126892  0.0194156  
-0.000361858  8.25863e-05  -0.000511662  -0.0857777  0.194709  0.00387105  
0.000127089  0.000356893  -0.000324235  -0.0812145  0.105647  0.0193677  
0.000220473  0.000188185  -0.000511662  -0.082869  0.12493  0.027718  
0.00109653  -6.18154e-05  -0.000511661  -0.0920608  0.154478  0.0193682  
0.000285148  0.000188185  -0.000511661  -0.10269  0.1832  0.0620503  
-7.42746e-05  0.000188185  -0.000511661  -0.112457  0.142035  0.0588705  
-0.000931041  0.000188185  -0.000511661  -0.116852  0.104609  0.118238  
-0.000196451  0.000188185  -0.000429841  -0.117354  0.14743  0.14997  
-0.00106804  0.000447116  -0.000511661  -0.0856432  0.189312  0.201862  
-0.00266436  0.000119114  -0.000189826  -0.0213497  0.209849  0.398473  
-0.00266981  0.000188185  -0.000137623  -0.0385791  0.127229  0.408664  
-0.00272871  7.64885e-05  -0.000166604  -0.0409966  0.12343  0.410205  
-0.00230352  0.000188185  -0.000193325  -0.0452989  0.137088  0.421433  
-0.00206542  0.000365624  -7.16862e-06  -0.0386728  0.123786  0.403733  
-0.00174863  0.000188185  0.000102953  -0.0502889  0.133217  0.398472  
-0.0015517  0.000499233  -0.000107222  -0.0560342  0.148611  0.376348  
-0.00184984  0.000357379  -0.000360767  -0.0587805  0.178466  0.420155  
-0.00202532  0.000188185  -0.000228475  -0.0687393  0.148371  0.398513  
-0.00187753  0.000188185  5.58079e-05  -0.0480274  0.117804  0.390978  
-0.00180132  0.00065358  0.000403329  -0.00190551  0.105744  0.402555  
-0.00228018  0.000523036  0.000298083  0.00716512  0.113579  0.398524  
-0.00240662  0.000188185  0.000176291  -0.0479755  0.246691  0.445617  
-0.00199511  0.000757734  5.05284e-05  -0.0696804  0.0522072  0.483441  
-0.00158414  0.0010521  -0.000227716  -0.0927107  0.168634  0.467738  
-0.00124999  0.000980401  -0.000250485  -0.110478  0.205752  0.507735  
-0.00188741  0.000668312  -0.000250485  -0.11028  0.168434  0.510625  
-0.00248204  0.000868459  -0.000250485  -0.110406  0.136943  0.504529  
-0.00199384  0.00100607  -0.000250485  -0.110501  0.12858  0.500211  
-0.00181907  0.00104188  -0.000250485  -0.110524  0.161182  0.493295  
-0.0018874  0.00104682  -0.000250485  -0.126626  0.184918  0.520611  
-0.00199384  0.000706003  -0.000119049  -0.126401  0.16658  0.505196  
-0.00167049  0.000903003  -0.000167005  -0.12318  0.155434  0.500124  
-0.00144281  0.000781798  -0.000157647  -0.115963  0.163675  0.501567  
-0.00174383  0.000714279  -0.000324264  -0.126418  0.204372  0.534327  
-0.0021137  0.000707191  -0.000250485  -0.126426  0.182817  0.519046  
-0.00207596  0.000892101  -0.000250485  -0.12654  0.170655  0.491031  
-0.00199383  0.00107505  -1.95665e-05  -0.126619  0.145708  0.518606  
-0.00178355  0.000806087  -0.000250485  -0.126472  0.203733  0.536389  
-0.00209854  0.000797525  -0.000250485  -0.126468  0.192797  0.527241  
-0.00199383  0.000825174  -0.000250486  -0.13075  0.159502  0.520022  
-0.00157666  0.0011286  -0.000199611  -0.126669  0.17365  0.526697  
-0.00155191  0.00106012  -0.000312567  -0.151174  0.209293  0.536896  
-0.00199383  0.000763477  -0.000336393  -0.150995  0.223384  0.545656  
-0.00199383  0.0011286  -0.000250486  -0.151206  0.139738  0.529021  
-0.0015878  0.0011286  -0.000250486  -0.151206  0.179193  0.534327  
-0.00118314  0.00104487  -0.000250486  -0.151148  0.213153  0.551722  
-0.00114431  0.0011286  -0.000324788  -0.153864  0.197227  0.568858  
-0.00115085  0.0011286  -0.000425969  -0.169661  0.202752  0.579649  
-0.00174383  0.0011286  -0.000663533  -0.175912  0.224958  0.588604  
-0.00615532  0.00173789  8.24372e-06  -0.0588349  0.099991  0.893343  
-0.00553097  0.0022235  -0.000250486  -0.120594  0.113557  0.85238  
-0.00522689  0.00247441  -0.000250486  -0.133844  0.159245  0.808768  
-0.00520738  0.00242885  -0.000250486  -0.121725  0.079782  0.830845  
-0.00414364  0.00253542  -0.00030275  -0.147318  0.160474  0.784794  
-0.00299687  0.0024175  -0.000625185  -0.15654  0.195689  0.747837  
-0.0044977  0.00248783  -0.000660478  -0.161314  0.185413  0.806917  
-0.00406097  0.0021672  -0.000588292  -0.161006  0.155575  0.767208  
-0.00320492  0.00233544  -0.000630064  -0.16119  0.167721  0.719274  
-0.00218204  0.00173414  -0.000449102  -0.163461  0.180075  0.713062  
-0.00205477  0.00162337  -0.000696239  -0.180882  0.219617  0.676046  
-0.00208098  0.00161972  -0.00081658  -0.193255  0.223123  0.676057  
-0.00216925  0.00168668  -0.00081658  -0.193299  0.191684  0.684839  
-0.00197479  0.00155185  -0.00081658  -0.195907  0.198213  0.676063  
-0.00189701  0.00175963  -0.000547251  -0.17832  0.198338  0.663202  
-0.0025857  0.00213374  -0.00025991  -0.0855397  0.191767  0.695884  
-0.00255283  0.00159297  -0.000536324  -0.0931328  0.204042  0.725187  
-0.00453969  0.00262314  -0.000514184  -0.120618  0.197667  0.800213  
